time,dt,gr0_area,gr1_area,gr2_area,gr3_area,gr4_area,gr5_area
75,75,4433183.5062297,3963253.2991924,8474974.6009663,8131377.5190831,0,0
112.5,37.5,4433979.6187237,3964076.9771654,8474970.624118,8131426.1823562,0,0
187.5,75,4435849.3794723,3965969.1852616,8474733.1512241,8131234.9283043,0,0
337.5,150,4440096.2045027,3970170.4797452,8472795.8406252,8129295.7960456,0,0
487.5,150,4444564.6137281,3974558.8377261,8469369.0292867,8125826.3114498,0,0
562.5,75,4446808.211481,3976763.5919034,8467294.8396811,8123736.5417788,0,0
637.5,75,4449039.00767,3978961.0527748,8465119.2789132,8121557.7041827,0,0
712.5,75,4451266.3979966,3981159.7417403,8462906.3314955,8119351.9896313,0,0
750,37.5,4452382.1738291,3982262.3566937,8461792.6455749,8118244.8376406,0,0
825,75,4454624.1472992,3984478.8296082,8459560.5911852,8116027.2816885,0,0
975,150,4459145.9293745,3988951.3656159,8455074.5601391,8111571.4698685,0,0
1125,150,4463704.3356037,3993464.3226524,8450560.3156788,8107078.5466948,0,0
1425,300,4472872.6271254,4002560.6516188,8441498.1222925,8097979.519144,0,0
2025,600,4491253.9692536,4020843.262851,8423452.7270229,8079491.8176026,0,0
3225,1200,4527752.3563442,4057274.6460656,8387730.6466728,8042446.5307019,0,0
4425,1200,4564014.8867638,4093600.1446925,8352117.3634466,8005586.7103948,0,0
5625,1200,4600231.1688607,4129909.9766253,8316411.5769334,7968850.3097138,0,0
8025,2400,4671725.663627,4201727.5084372,8245368.6848802,7896684.3793903,0,0
9225,1200,4707675.9075844,4237779.3978547,8209523.6243372,7860561.334084,0,0
11625,2400,4779184.2609118,4309515.0043296,8137955.5167786,7788924.2607342,0,0
12825,1200,4815149.9002756,4345541.5135904,8101898.7632041,7753004.4631317,0,0
15225,2400,4886778.4086969,4417331.4248136,8029858.2174953,7681647.6018369,0,0
16425,1200,4922758.240155,4453366.3175978,7993619.3016972,7645879.8472549,0,0
18825,2400,4994421.7963667,4525185.7735028,7921230.4670213,7574794.1459216,0,0
20025,1200,5030395.1402784,4561226.7047984,7884827.6684646,7539190.147425,0,0
22425,2400,5102106.9030107,4633088.4000801,7812096.1571236,7468356.0311378,0,0
23625,1200,5138077.9935061,4669119.3156131,7775552.2900482,7432898.1116796,0,0
26025,2400,5209778.1296569,4740962.5355612,7702550.9941029,7362358.3871569,0,0
27225,1200,5245736.608188,4776986.4281471,7665887.5774457,7327043.1707763,0,0
29625,2400,5317442.1768164,4848827.6567449,7592689.5522069,7256695.2742464,0,0
30825,1200,5353401.6995152,4884828.0365843,7555954.1550451,7221470.5104166,0,0
33225,2400,5425113.788393,4956642.1202633,7482588.2826967,7151311.3000286,0,0
34425,1200,5461058.2154665,4992642.9375641,7445780.0857455,7116175.7209864,0,0
36825,2400,5532762.0631949,5064478.6816087,7372344.398347,7046074.0642382,0,0
38025,1200,5568717.6994068,5100477.2746311,7335528.8091588,7010936.8811511,0,0
40425,2400,5640450.085947,5172306.3958168,7262012.9286716,6940892.0062294,0,0
41625,1200,5676400.9432787,5208306.1185096,7225134.5477708,6905820.4409334,0,0
44025,2400,5748125.0999381,5280150.0191321,7151553.5604861,6835834.0184114,0,0
45225,1200,5784077.766555,5316145.1344395,7114690.0307369,6800750.3905196,0,0
47625,2400,5855818.0541915,5387962.9731068,7041134.71833,6730746.8536698,0,0
48825,1200,5891772.6391269,5423943.5064199,7004260.0484724,6695686.5036159,0,0
51225,2400,5963519.542897,5495755.5978469,6930660.3678452,6625727.8247242,0,0
53625,2400,6035033.1986791,5567355.2401175,6857333.4438788,6555941.3238873,0,0
54825,1200,6070943.0593307,5603300.357667,6820532.3120841,6520886.335579,0,0
57225,2400,6142640.7946215,5675084.7756892,6747078.0871127,6450857.703133,0,0
59625,2400,6214148.2227036,5746697.6855543,6673841.8341082,6380977.7780934,0,0
60825,1200,6250058.0747266,5782653.9280047,6637067.1767416,6345886.7282045,0,0
63225,2400,6321751.0421097,5854455.6241406,6563659.5593512,6275794.9948931,0,0
65625,2400,6393242.476255,5926067.5244784,6490496.6264553,6205854.8142835,0,0
66825,1200,6429140.6033683,5962012.5152747,6453774.4545179,6170735.3261052,0,0
69225,2400,6500836.3635573,6033792.2998558,6380445.643864,6100587.0924732,0,0
71625,2400,6572353.4953497,6105378.4534438,6307329.1812233,6030595.8404435,0,0
72825,1200,6608258.4327862,6141303.4651904,6270633.8632275,5995458.358113,0,0
75225,2400,6679959.4597386,6213044.1459354,6197383.6314672,5925259.2465591,0,0
77625,2400,6751471.8395604,6284611.944243,6124362.0553172,5855192.6894044,0,0
78825,1200,6787368.975411,6320533.6528874,6087723.5334625,5820008.0493829,0,0
81225,2400,6859075.1075469,6392287.7390683,6014594.3037192,5749667.0560244,0,0
83625,2400,6930633.1837222,6463895.1917953,5941703.5614762,5679384.9248459,0,0
84825,1200,6966561.6136569,6499847.6566353,5905135.8410502,5644068.9358885,0,0
87225,2400,7038376.9942994,6571730.6416751,5832154.0334407,5573350.1311429,0,0
89625,2400,7110167.6293409,6643598.6675138,5759437.809008,5502416.0431408,0,0
92025,2400,7182156.5489071,6715660.3826854,5686822.6686702,5431010.2853284,0,0
94425,2400,7254543.9737417,6788111.7395434,5614128.5138993,5358942.4545192,0,0
96825,2400,7327686.1792735,6861316.3870976,5541035.2385603,5285873.9225972,0,0
99225,2400,7403823.4606146,6937535.2869565,5465458.8652845,5209636.7335447,0,0
100425,1200,7448878.6453558,6982635.8145322,5420822.5972231,5164378.2143736,0,0
101025,600,7472941.1348858,7006720.9037971,5396736.6218104,5140006.2979296,0,0
102225,1200,7521306.4145365,7055132.8474365,5348366.2424196,5091184.2433425,0,0
103425,1200,7569647.4350651,7103520.7737687,5300164.1048999,5042586.8482276,0,0
104625,1200,7618031.4678337,7151948.6643742,5251955.611372,4993992.0207592,0,0
105825,1200,7666445.1073298,7200401.6910836,5203713.8629194,4945372.7311278,0,0
107025,1200,7714871.3096977,7248865.5743421,5155450.5234117,4896746.9242402,0,0
108225,1200,7763302.346987,7297335.19357,5107177.6321955,4848119.1422394,0,0
109425,1200,7811736.0156236,7345805.0242719,5058906.4613351,4799485.9395738,0,0
110625,1200,7860170.6818195,7394272.0689372,5010643.491047,4750845.0872685,0,0
111825,1200,7908605.2834535,7442737.630811,4962389.4910636,4702196.4777227,0,0
113025,1200,7957040.8506578,7491205.2114868,4914143.3201794,4653537.5069965,0,0
114225,1200,8005478.9476456,7539675.4757687,4865902.1888463,4604868.3271843,0,0
115425,1200,8053920.9591531,7588150.7404733,4817660.0230937,4556191.1049606,0,0
116625,1200,8102367.5014166,7636635.3777252,4769414.0692545,4507504.1444416,0,0
117825,1200,8150821.0853394,7685130.8753271,4721163.8337858,4458803.8837089,0,0
119025,1200,8199282.9880082,7733637.7545405,4672906.6823279,4410090.3652244,0,0
120225,1200,8247754.423422,7782156.46767,4624636.5344455,4361367.9290232,0,0
121425,1200,8296236.2885367,7830688.6315746,4576348.9761351,4312639.2468846,0,0
122625,1200,8344730.9978352,7879234.2197295,4528039.6338861,4263906.443987,0,0
123825,1200,8393240.5572602,7927790.0099075,4479704.7893181,4215173.8514687,0,0
125025,1200,8441765.2654122,7976355.8764084,4431343.3503427,4166442.6075636,0,0
126225,1200,8490306.4316593,8024933.8313365,4382958.9454914,4117706.2386284,0,0
127425,1200,8538865.5027898,8073523.2670787,4334558.6486554,4068956.2620816,0,0
128625,1200,8587443.0526261,8122125.9135659,4286141.6699987,4020190.743277,0,0
129825,1200,8636038.0070758,8170747.5250528,4237701.8667242,3971411.6653036,0,0
131025,1200,8684649.5792989,8219391.7695798,4189234.3851497,3922621.2925176,0,0
132225,1200,8733277.4314689,8268059.0953692,4140735.1383548,3873822.8275778,0,0
133425,1200,8781922.0700397,8316750.6812532,4092196.6541231,3825022.1320486,0,0
134625,1200,8830585.6428268,8365467.853255,4043617.6941193,3776217.7646743,0,0
135825,1200,8879273.7653976,8414209.5665897,3995000.1391075,3727403.1831546,0,0
137025,1200,8927992.178982,8462976.0576383,3946344.5985697,3678571.1794974,0,0
138225,1200,8976744.184753,8511772.0170338,3897650.6010238,3629714.5427991,0,0
139425,1200,9025531.9954661,8560603.7719893,3848916.9417534,3580826.2687143,0,0
140625,1200,9074356.4403002,8609475.366278,3800134.0223904,3531910.3229028,0,0
141825,1200,9123218.5027945,8658392.0528596,3751289.5183037,3482972.6537753,0,0
143025,1200,9172123.8091421,8707358.0102563,3702378.4999467,3434008.9010603,0,0
144225,1200,9221083.5380002,8756375.3894683,3653393.5572029,3385012.289488,0,0
145425,1200,9270110.0152308,8805456.5508995,3604322.6618105,3335971.2110445,0,0
146625,1200,9319219.8156137,8854621.3275592,3555149.4220202,3286867.2902548,0,0
147825,1200,9368431.4360706,8903888.6165212,3505844.9432893,3237691.2418146,0,0
149025,1200,9417768.1559556,8953288.9717746,3456376.9075091,3188420.8530096,0,0
150225,1200,9467276.6206412,9002868.4188201,3406701.1577418,3139007.9051876,0,0
150825,600,9492295.0355425,9027935.652917,3381577.1907846,3114035.6027619,0,0
151425,600,9517453.62358,9053150.8225237,3356296.2747525,3088926.6741557,0,0
152625,1200,9567865.0602371,9103570.1419318,3305666.7584766,3038722.2823302,0,0
153225,600,9593578.3438799,9129092.9885196,3280002.920647,3013153.0247961,0,0
153825,600,9617467.7692397,9152130.117665,3256946.3775261,2989369.6132788,0,0
154125,300,9631206.4685763,9164891.1034598,3244148.5680835,2975660.8190071,0,0
154425,300,9646485.805193,9177867.545644,3231120.1490272,2960437.5561737,0,0
154725,300,9674643.6895877,9186863.2140202,3219802.4739449,2933672.0285536,0,0
155025,300,9698719.5548739,9193180.896958,3204515.0041848,2915616.2078435,0,0
155325,300,9717536.3662631,9199492.0117753,3186721.3280277,2906839.9235898,0,0
155625,300,9732774.2963191,9209400.6626252,3166603.5895685,2901775.3295874,0,0
155925,300,9745465.3708007,9227967.7827496,3139267.8603799,2895891.8550307,0,0
156225,300,9755818.41899,9241196.8990695,3121597.6111203,2887391.4719508,0,0
156825,600,9776080.2938892,9260490.6878902,3099737.7490188,2868461.2181167,0,0
158025,1200,9816429.8812032,9297800.9551324,3060263.3095724,2830481.2238656,0,0
159225,1200,9856163.6164213,9336007.8235065,3020485.1572387,2792443.690007,0,0
160425,1200,9895638.3629729,9374723.9792157,2980483.848831,2754257.6328191,0,0
161625,1200,9935036.3322073,9413682.7185209,2940417.6160983,2715959.0790475,0,0
162825,1200,9974415.0770395,9452790.0119976,2900309.5271133,2677575.0094712,0,0
164025,1200,10013798.107248,9492002.5317114,2860166.3697559,2639117.2341829,0,0
165225,1200,10053199.005514,9531296.0029914,2819994.6264428,2600589.6207095,0,0
166425,1200,10092626.322537,9570658.5295148,2779799.095905,2561990.917244,0,0
167625,1200,10132088.09335,9610085.1478424,2739582.2897766,2523315.9293584,0,0
168825,1200,10171592.914166,9649575.2693531,2699344.4477278,2484556.9684309,0,0
170025,1200,10211148.761155,9689132.8932726,2659083.8514035,2445704.495581,0,0
171225,1200,10250766.281145,9728764.4428615,2618796.2784695,2406746.5731123,0,0
172425,1200,10290458.116989,9768479.9844679,2578474.1003653,2367669.3664624,0,0
173625,1200,10330240.621635,9808291.5751501,2538106.8030862,2328456.8190106,0,0
176025,2400,10409322.724383,9887408.1861481,2458064.7830831,2250360.7630222,0,0
177225,1200,10449296.963839,9927407.4376941,2417693.565453,2210813.9832967,0,0
178425,1200,10489658.219647,9967802.8900757,2377000.7903095,2170834.0441122,0,0
180825,2400,10571009.066212,10049224.809348,2295296.469669,2090105.3513113,0,0
182025,1200,10613460.645477,10091716.689083,2252858.2669753,2047947.6761439,0,0
183225,1200,10661501.564013,10139799.763184,2204899.1465218,2000104.0213255,0,0
184425,1200,10713281.777616,10191620.249887,2152862.132463,1948143.0380233,0,0
185625,1200,10765998.488507,10244368.68621,2100033.6019602,1895375.4816325,0,0
186825,1200,10819438.611839,10297834.514766,2046672.774232,1842023.7009995,0,0
188025,1200,10875116.32069,10353535.837553,1991241.9721258,1786517.4302125,0,0
189225,1200,10936953.80973,10415394.261202,1929421.4600986,1724556.0103922,0,0
190425,1200,11000718.890899,10479170.645647,1865453.5827743,1660516.0963431,0,0
191625,1200,11064704.49401,10543156.904572,1801401.4752737,1596443.8619905,0,0
192825,1200,11128730.628294,10607177.744429,1737374.5209077,1532415.6843168,0,0
194025,1200,11192772.42941,10671209.183343,1673338.0924805,1468385.5493694,0,0
195225,1200,11256811.205634,10735235.723492,1609301.6048367,1404359.2302083,0,0
196425,1200,11320836.919967,10799248.102594,1545276.2538539,1340347.3513078,0,0
197625,1200,11384845.900409,10863241.254469,1481267.1633158,1276354.8690827,0,0
198825,1200,11448835.341109,10927213.449208,1417277.450849,1212383.4275656,0,0
200000,1175,11511496.172649,10989857.247637,1354616.907118,1149739.9367368,0,0
